Class,Images,Instances,Box(P),Box(R),Box(mAP50),Box(mAP50-95)
                   all      11738     124443      0.821      0.598      0.662      0.456
              airplane      11738       8212      0.945      0.616      0.724       0.49
               airport      11738        666      0.699      0.723      0.741      0.482
        baseball field      11738       3433      0.946      0.653       0.77      0.633
      basketball-court      11738       2149      0.907      0.793      0.843      0.704
                bridge      11738       2604      0.748      0.281      0.343      0.195
               chimney      11738       1032      0.905       0.71      0.741      0.615
                   dam      11738        537      0.617       0.54      0.536      0.267
Expressway-Service-area      11738       1085      0.916      0.555      0.595      0.456
Expressway-toll-station      11738        688      0.874      0.467       0.52      0.428
             goldfield      11738        575       0.72      0.711      0.722      0.503
        groundbreaking      11738       1880      0.758      0.576      0.675        0.5
                harbor      11738       3140      0.746      0.561       0.61      0.422
              overpass      11738       1778      0.805      0.478      0.538      0.357
                  ship      11738      35108        0.9      0.818      0.881      0.528
               stadium      11738        673       0.87      0.478      0.695      0.514
          storage-tank      11738      23361      0.902      0.598      0.717      0.432
          tennis-court      11738       7360      0.962      0.781      0.859      0.726
          trainstation      11738        509      0.577      0.583      0.547      0.259
               vehicle      11738      26655      0.824      0.343      0.456      0.249
              windmill      11738       2998      0.791      0.691      0.722      0.353
