Class,Images,Instances,Box(P),Box(R),Box(mAP50),Box(mAP50-95)
                   all      11738     124443      0.822      0.604       0.67      0.461
              airplane      11738       8212      0.943      0.687      0.809      0.546
               airport      11738        666      0.687      0.697      0.728      0.462
        baseball field      11738       3433       0.94      0.649      0.765      0.638
      basketball-court      11738       2149      0.899      0.814      0.861      0.723
                bridge      11738       2604      0.708      0.278      0.338      0.192
               chimney      11738       1032      0.928      0.713      0.748      0.614
                   dam      11738        537      0.586      0.574      0.539      0.274
Expressway-Service-area      11738       1085      0.926      0.561      0.623      0.472
Expressway-toll-station      11738        688      0.882      0.488      0.552      0.448
             goldfield      11738        575      0.721      0.699      0.727      0.505
        groundbreaking      11738       1880      0.774      0.557      0.651       0.49
                harbor      11738       3140      0.697      0.586      0.612      0.418
              overpass      11738       1778      0.806      0.484      0.538      0.355
                  ship      11738      35108      0.921      0.834      0.894      0.539
               stadium      11738        673      0.884      0.499      0.695      0.509
          storage-tank      11738      23361      0.941      0.578      0.726      0.443
          tennis-court      11738       7360      0.967      0.789      0.874      0.747
          trainstation      11738        509      0.527      0.542       0.49      0.203
               vehicle      11738      26655      0.843      0.335      0.464      0.254
              windmill      11738       2998      0.852      0.716      0.761      0.382
