Class,Images,Instances,Box(P),Box(R),Box(mAP50),Box(mAP50-95)
                   all      11738     124443      0.823      0.591      0.661      0.452
              airplane      11738       8212      0.953      0.619      0.767      0.523
               airport      11738        666      0.707      0.671      0.715      0.457
        baseball field      11738       3433      0.946      0.655      0.765      0.641
      basketball-court      11738       2149      0.885      0.805      0.852      0.715
                bridge      11738       2604      0.729      0.274      0.337       0.19
               chimney      11738       1032      0.942      0.708      0.756      0.617
                   dam      11738        537      0.565      0.538      0.533      0.268
Expressway-Service-area      11738       1085      0.909      0.562      0.603       0.45
Expressway-toll-station      11738        688      0.899      0.472      0.536      0.439
             goldfield      11738        575      0.727      0.708       0.74      0.489
        groundbreaking      11738       1880      0.774      0.573       0.65      0.476
                harbor      11738       3140      0.716      0.591       0.62       0.42
              overpass      11738       1778      0.813      0.481      0.548       0.36
                  ship      11738      35108      0.915      0.824      0.888      0.532
               stadium      11738        673      0.845      0.413      0.622      0.443
          storage-tank      11738      23361      0.949      0.543      0.701      0.431
          tennis-court      11738       7360      0.967      0.786      0.871      0.739
          trainstation      11738        509      0.531      0.576      0.511      0.241
               vehicle      11738      26655      0.854      0.327      0.455      0.249
              windmill      11738       2998      0.833      0.697      0.741      0.366
