Class,Images,Instances,Box(P),Box(R),Box(mAP50),Box(mAP50-95)
                   all      11738     124443      0.815       0.58      0.647      0.432
              airplane      11738       8212      0.947      0.627      0.762      0.511
               airport      11738        666       0.65      0.634      0.662      0.391
        baseball field      11738       3433      0.945      0.651      0.773      0.638
      basketball-court      11738       2149      0.902      0.792      0.846      0.692
                bridge      11738       2604      0.723      0.261      0.318      0.175
               chimney      11738       1032      0.925      0.703       0.74      0.606
                   dam      11738        537      0.547      0.503      0.454      0.223
Expressway-Service-area      11738       1085      0.892      0.544      0.593      0.419
Expressway-toll-station      11738        688      0.891      0.452      0.525      0.426
             goldfield      11738        575      0.663      0.687      0.665      0.394
        groundbreaking      11738       1880      0.776      0.546      0.663      0.469
                harbor      11738       3140      0.715      0.576      0.612      0.398
              overpass      11738       1778      0.814      0.465      0.526       0.34
                  ship      11738      35108      0.931      0.811      0.886      0.526
               stadium      11738        673      0.826      0.484      0.657      0.448
          storage-tank      11738      23361      0.953      0.536      0.707      0.428
          tennis-court      11738       7360      0.961      0.781      0.868      0.729
          trainstation      11738        509      0.513       0.56        0.5      0.222
               vehicle      11738      26655      0.877      0.307      0.444      0.244
              windmill      11738       2998      0.849      0.678      0.735      0.358
